0
0
0
0
0
0
0
0
0
0
0
0
0
0
0
0
0
0
0
0
0
0
0
0
0
0
0
0
0
0
0
0
0
8
5
11
10
0
0
0
7
24
25
58
126
105
13
0
0
2
0
0
0
0
0
0
0
0
0
0
0
0
1
0
0
7
3
7
4
0
0
0
32
129
197
205
217
182
52
0
0
0
0
0
0
0
0
0
0
0
0
0
0
0
2
0
0
4
0
3
2
0
0
4
111
219
136
11
13
68
10
0
0
0
0
0
0
0
0
0
0
0
0
0
0
0
4
0
0
5
0
2
4
0
0
35
179
123
0
0
0
0
0
0
0
0
0
0
0
0
0
0
0
0
0
0
1
2
3
0
0
7
2
6
8
0
0
66
137
0
0
0
0
0
0
0
0
0
0
0
0
0
0
0
0
0
0
0
1
2
2
0
0
5
2
7
8
0
3
66
36
0
0
1
8
0
18
0
0
0
0
0
0
0
0
0
0
0
0
0
1
1
2
0
0
5
1
5
6
0
6
38
4
0
0
0
0
0
0
36
0
0
0
0
0
0
0
0
0
0
1
2
3
4
8
0
0
5
2
4
7
0
0
0
0
0
0
0
0
0
0
56
0
0
0
0
0
0
0
0
0
1
2
0
1
6
11
0
0
7
5
5
10
1
0
0
0
0
11
0
0
0
0
53
0
0
0
0
0
0
0
0
0
3
1
0
3
7
7
0
0
9
6
6
12
3
0
0
0
59
47
0
0
0
9
28
0
0
0
2
0
0
0
0
3
5
4
4
6
6
6
0
0
10
6
7
12
4
0
0
0
156
155
40
0
10
5
0
0
0
0
2
1
0
0
0
1
5
5
4
5
5
9
0
0
11
7
9
12
4
0
0
0
204
174
0
0
0
0
0
0
0
0
1
2
1
0
0
1
6
5
3
6
8
12
0
0
12
7
7
8
1
0
0
0
153
42
0
0
0
0
0
0
0
0
0
1
0
0
0
0
4
2
1
5
7
11
0
0
15
8
5
7
1
0
0
0
62
0
0
0
0
16
0
0
0
46
90
133
121
53
10
12
11
2
0
4
8
11
0
0
14
5
2
7
4
0
0
0
0
0
0
0
16
32
83
130
176
240
255
255
242
155
85
48
31
37
25
8
13
13
0
0
11
4
2
10
10
0
0
0
0
0
11
49
61
127
219
212
199
219
216
181
133
112
97
57
25
44
17
0
19
16
0
0
11
7
4
13
11
0
0
5
0
5
74
132
171
209
164
72
30
25
31
30
22
22
30
7
0
22
0
0
20
28
0
0
10
4
2
11
7
0
26
80
69
78
176
223
179
98
22
0
0
3
11
10
14
20
11
0
0
8
10
6
22
47
0
0
8
3
3
12
28
70
132
168
122
125
197
154
35
0
0
0
5
9
7
3
14
21
8
0
0
0
0
0
0
63
0
0
12
10
8
28
96
157
143
91
26
8
6
0
0
0
0
31
11
7
3
3
15
16
3
0
0
0
0
0
0
20
0
0
18
14
11
67
149
95
0
0
0
0
0
0
0
0
77
64
18
14
13
11
17
13
2
0
0
0
0
0
0
0
0
0
19
13
31
116
105
0
0
0
0
19
35
0
0
37
137
72
19
27
30
28
21
13
8
0
0
0
0
0
0
0
0
0
20
21
78
115
24
0
6
42
41
85
0
0
0
93
132
46
7
15
20
25
7
3
10
0
0
0
0
0
0
0
0
0
19
46
116
60
0
0
38
46
35
47
0
0
72
128
69
2
0
3
6
11
0
0
4
0
0
0
0
0
0
0
0
0
20
77
120
17
0
30
62
44
35
28
0
0
138
116
39
0
4
7
7
10
3
0
0
0
0
0
0
0
0
0
0
0
39
108
98
0
11
77
56
13
2
1
1
63
117
75
25
10
8
4
6
10
7
0
0
0
0
0
1
0
0
0
0
0
74
120
54
0
3
10
0
0
5
4
3
5
8
9
8
4
0
0
8
10
7
0
0
0
0
0
3
4
1
0
0
0
35
73
6
0
0
0
0
4
4
3
4
4
1
2
3
0
0
4
8
7
6
5
0
0
4
0
1
5
0
0
0
0
0
0
0
0
1
6
4
2
2
4
4
2
3
6
6
4
5
4
3
2
4
6
0
0
4
0
2
8
0
0
0
0
0
68
120
20
12
11
6
5
6
8
6
3
3
3
4
4
2
2
3
3
7
9
0
0
0
0
2
13
0
0
0
0
0
0
0
0
0
0
0
0
0
0
0
0
0
0
0
0
0
0
0
0
0
0
0
0
0
0
0
0
0
0
0
