122
120
121
120
118
118
125
128
124
124
127
168
196
184
177
188
206
207
207
208
210
212
213
215
215
217
219
222
223
225
226
226
120
119
119
119
116
116
123
126
125
124
127
164
180
185
176
186
206
205
207
208
210
212
213
213
216
218
220
221
223
223
225
225
118
117
118
118
115
116
122
126
125
122
100
86
98
119
160
187
205
204
206
208
210
212
213
214
216
218
220
221
222
223
224
224
118
115
117
117
117
116
122
125
125
98
47
43
45
49
72
169
204
204
206
207
209
211
212
214
215
217
219
221
222
223
223
222
118
116
116
117
116
116
122
124
117
50
56
85
92
73
49
100
201
203
205
207
209
210
212
214
215
216
218
221
221
222
222
222
116
114
116
116
116
115
121
123
94
51
110
132
118
118
102
63
160
203
205
207
208
210
211
213
214
215
217
219
220
221
221
222
114
113
114
114
113
113
120
122
85
91
111
115
117
130
120
82
107
203
205
206
208
210
211
213
214
215
216
218
219
220
220
221
114
112
113
114
112
113
119
105
108
104
101
122
113
114
134
116
81
201
204
205
208
209
211
213
214
216
216
217
217
219
220
219
113
111
112
112
112
110
117
118
97
107
124
136
119
128
142
132
87
201
203
204
205
208
211
212
214
215
214
215
216
216
216
216
112
111
111
111
112
109
114
119
129
142
119
114
129
143
156
151
98
199
202
203
205
208
210
212
214
214
215
215
216
216
214
214
110
109
109
109
109
107
112
118
145
141
121
127
142
143
142
151
128
193
200
201
203
205
208
210
212
212
213
214
214
213
214
213
109
107
108
108
108
105
110
116
153
130
106
122
135
144
136
146
147
186
197
199
201
203
206
208
210
211
211
212
213
213
213
211
108
104
106
105
106
103
107
111
149
125
52
63
116
139
135
143
149
187
194
196
199
200
203
206
209
209
209
210
211
211
211
209
108
103
104
103
104
102
106
112
140
126
50
74
107
138
137
143
158
188
191
194
196
198
201
203
206
208
207
209
209
209
209
207
105
102
102
101
103
101
105
110
131
132
79
108
113
140
135
139
157
186
188
192
194
196
200
202
204
206
207
208
208
208
207
206
104
99
100
100
101
99
104
107
120
136
120
120
123
123
125
135
141
162
170
157
132
121
146
194
196
197
203
208
208
206
205
204
101
98
99
99
101
97
100
105
108
131
133
128
128
109
126
105
70
69
69
70
65
64
70
98
169
186
186
179
206
204
202
202
98
97
97
97
99
94
97
103
104
106
130
131
103
110
77
48
49
51
54
58
57
57
58
63
81
164
187
176
198
200
199
198
98
94
95
95
97
93
96
101
99
106
115
119
95
50
42
46
49
51
53
53
52
54
52
54
61
98
158
180
199
195
194
186
95
94
94
95
95
92
95
95
76
46
79
66
39
41
46
47
49
49
50
50
52
52
48
47
54
63
116
145
167
186
195
166
94
93
92
93
93
90
72
44
40
41
39
37
40
45
58
71
51
47
47
47
50
50
46
44
48
55
65
143
168
192
181
165
92
90
89
89
91
74
38
38
41
42
55
66
72
79
99
59
44
45
46
46
48
48
45
45
45
49
55
77
154
182
194
194
90
86
86
86
86
48
39
64
70
76
92
53
40
44
85
73
34
38
40
39
40
44
42
44
44
46
49
58
107
148
173
193
89
84
83
83
64
38
69
77
56
54
51
50
88
96
74
38
34
32
32
31
31
30
43
37
43
45
48
51
62
140
163
194
86
82
80
72
41
61
44
56
54
61
49
38
92
81
61
33
33
34
33
31
29
26
39
37
39
43
45
49
52
89
168
178
84
81
79
52
37
61
83
56
42
40
40
41
103
89
54
36
35
34
33
31
30
26
30
42
34
40
44
47
48
52
109
148
82
78
75
39
35
52
42
38
41
41
41
40
41
43
41
38
36
33
32
31
29
26
26
39
38
40
43
45
46
50
63
148
78
78
55
36
37
41
39
42
42
40
40
40
40
38
37
36
34
32
33
32
29
27
25
32
42
40
41
44
43
48
48
102
75
71
38
37
41
41
41
42
42
40
39
39
39
39
40
37
37
37
34
31
28
27
25
25
36
41
42
43
40
43
47
54
76
104
54
40
42
43
43
41
41
41
40
38
38
38
38
37
36
35
34
33
30
28
25
24
28
32
40
44
42
40
46
46
97
155
151
55
42
42
38
40
41
41
40
38
38
38
37
37
36
36
35
34
32
30
26
24
28
29
32
40
41
38
43
48
141
154
144
46
37
38
39
38
37
39
38
38
36
37
37
37
35
35
35
34
33
31
26
24
28
29
30
35
38
37
44
50
