01111010
01111000
01111001
01111000
01110110
01110110
01111101
10000000
01111100
01111100
01111111
10101000
11000100
10111000
10110001
10111100
11001110
11001111
11001111
11010000
11010010
11010100
11010101
11010111
11010111
11011001
11011011
11011110
11011111
11100001
11100010
11100010
01111000
01110111
01110111
01110111
01110100
01110100
01111011
01111110
01111101
01111100
01111111
10100100
10110100
10111001
10110000
10111010
11001110
11001101
11001111
11010000
11010010
11010100
11010101
11010101
11011000
11011010
11011100
11011101
11011111
11011111
11100001
11100001
01110110
01110101
01110110
01110110
01110011
01110100
01111010
01111110
01111101
01111010
01100100
01010110
01100010
01110111
10100000
10111011
11001101
11001100
11001110
11010000
11010010
11010100
11010101
11010110
11011000
11011010
11011100
11011101
11011110
11011111
11100000
11100000
01110110
01110011
01110101
01110101
01110101
01110100
01111010
01111101
01111101
01100010
00101111
00101011
00101101
00110001
01001000
10101001
11001100
11001100
11001110
11001111
11010001
11010011
11010100
11010110
11010111
11011001
11011011
11011101
11011110
11011111
11011111
11011110
01110110
01110100
01110100
01110101
01110100
01110100
01111010
01111100
01110101
00110010
00111000
01010101
01011100
01001001
00110001
01100100
11001001
11001011
11001101
11001111
11010001
11010010
11010100
11010110
11010111
11011000
11011010
11011101
11011101
11011110
11011110
11011110
01110100
01110010
01110100
01110100
01110100
01110011
01111001
01111011
01011110
00110011
01101110
10000100
01110110
01110110
01100110
00111111
10100000
11001011
11001101
11001111
11010000
11010010
11010011
11010101
11010110
11010111
11011001
11011011
11011100
11011101
11011101
11011110
01110010
01110001
01110010
01110010
01110001
01110001
01111000
01111010
01010101
01011011
01101111
01110011
01110101
10000010
01111000
01010010
01101011
11001011
11001101
11001110
11010000
11010010
11010011
11010101
11010110
11010111
11011000
11011010
11011011
11011100
11011100
11011101
01110010
01110000
01110001
01110010
01110000
01110001
01110111
01101001
01101100
01101000
01100101
01111010
01110001
01110010
10000110
01110100
01010001
11001001
11001100
11001101
11010000
11010001
11010011
11010101
11010110
11011000
11011000
11011001
11011001
11011011
11011100
11011011
01110001
01101111
01110000
01110000
01110000
01101110
01110101
01110110
01100001
01101011
01111100
10001000
01110111
10000000
10001110
10000100
01010111
11001001
11001011
11001100
11001101
11010000
11010011
11010100
11010110
11010111
11010110
11010111
11011000
11011000
11011000
11011000
01110000
01101111
01101111
01101111
01110000
01101101
01110010
01110111
10000001
10001110
01110111
01110010
10000001
10001111
10011100
10010111
01100010
11000111
11001010
11001011
11001101
11010000
11010010
11010100
11010110
11010110
11010111
11010111
11011000
11011000
11010110
11010110
01101110
01101101
01101101
01101101
01101101
01101011
01110000
01110110
10010001
10001101
01111001
01111111
10001110
10001111
10001110
10010111
10000000
11000001
11001000
11001001
11001011
11001101
11010000
11010010
11010100
11010100
11010101
11010110
11010110
11010101
11010110
11010101
01101101
01101011
01101100
01101100
01101100
01101001
01101110
01110100
10011001
10000010
01101010
01111010
10000111
10010000
10001000
10010010
10010011
10111010
11000101
11000111
11001001
11001011
11001110
11010000
11010010
11010011
11010011
11010100
11010101
11010101
11010101
11010011
01101100
01101000
01101010
01101001
01101010
01100111
01101011
01101111
10010101
01111101
00110100
00111111
01110100
10001011
10000111
10001111
10010101
10111011
11000010
11000100
11000111
11001000
11001011
11001110
11010001
11010001
11010001
11010010
11010011
11010011
11010011
11010001
01101100
01100111
01101000
01100111
01101000
01100110
01101010
01110000
10001100
01111110
00110010
01001010
01101011
10001010
10001001
10001111
10011110
10111100
10111111
11000010
11000100
11000110
11001001
11001011
11001110
11010000
11001111
11010001
11010001
11010001
11010001
11001111
01101001
01100110
01100110
01100101
01100111
01100101
01101001
01101110
10000011
10000100
01001111
01101100
01110001
10001100
10000111
10001011
10011101
10111010
10111100
11000000
11000010
11000100
11001000
11001010
11001100
11001110
11001111
11010000
11010000
11010000
11001111
11001110
01101000
01100011
01100100
01100100
01100101
01100011
01101000
01101011
01111000
10001000
01111000
01111000
01111011
01111011
01111101
10000111
10001101
10100010
10101010
10011101
10000100
01111001
10010010
11000010
11000100
11000101
11001011
11010000
11010000
11001110
11001101
11001100
01100101
01100010
01100011
01100011
01100101
01100001
01100100
01101001
01101100
10000011
10000101
10000000
10000000
01101101
01111110
01101001
01000110
01000101
01000101
01000110
01000001
01000000
01000110
01100010
10101001
10111010
10111010
10110011
11001110
11001100
11001010
11001010
01100010
01100001
01100001
01100001
01100011
01011110
01100001
01100111
01101000
01101010
10000010
10000011
01100111
01101110
01001101
00110000
00110001
00110011
00110110
00111010
00111001
00111001
00111010
00111111
01010001
10100100
10111011
10110000
11000110
11001000
11000111
11000110
01100010
01011110
01011111
01011111
01100001
01011101
01100000
01100101
01100011
01101010
01110011
01110111
01011111
00110010
00101010
00101110
00110001
00110011
00110101
00110101
00110100
00110110
00110100
00110110
00111101
01100010
10011110
10110100
11000111
11000011
11000010
10111010
01011111
01011110
01011110
01011111
01011111
01011100
01011111
01011111
01001100
00101110
01001111
01000010
00100111
00101001
00101110
00101111
00110001
00110001
00110010
00110010
00110100
00110100
00110000
00101111
00110110
00111111
01110100
10010001
10100111
10111010
11000011
10100110
01011110
01011101
01011100
01011101
01011101
01011010
01001000
00101100
00101000
00101001
00100111
00100101
00101000
00101101
00111010
01000111
00110011
00101111
00101111
00101111
00110010
00110010
00101110
00101100
00110000
00110111
01000001
10001111
10101000
11000000
10110101
10100101
01011100
01011010
01011001
01011001
01011011
01001010
00100110
00100110
00101001
00101010
00110111
01000010
01001000
01001111
01100011
00111011
00101100
00101101
00101110
00101110
00110000
00110000
00101101
00101101
00101101
00110001
00110111
01001101
10011010
10110110
11000010
11000010
01011010
01010110
01010110
01010110
01010110
00110000
00100111
01000000
01000110
01001100
01011100
00110101
00101000
00101100
01010101
01001001
00100010
00100110
00101000
00100111
00101000
00101100
00101010
00101100
00101100
00101110
00110001
00111010
01101011
10010100
10101101
11000001
01011001
01010100
01010011
01010011
01000000
00100110
01000101
01001101
00111000
00110110
00110011
00110010
01011000
01100000
01001010
00100110
00100010
00100000
00100000
00011111
00011111
00011110
00101011
00100101
00101011
00101101
00110000
00110011
00111110
10001100
10100011
11000010
01010110
01010010
01010000
01001000
00101001
00111101
00101100
00111000
00110110
00111101
00110001
00100110
01011100
01010001
00111101
00100001
00100001
00100010
00100001
00011111
00011101
00011010
00100111
00100101
00100111
00101011
00101101
00110001
00110100
01011001
10101000
10110010
01010100
01010001
01001111
00110100
00100101
00111101
01010011
00111000
00101010
00101000
00101000
00101001
01100111
01011001
00110110
00100100
00100011
00100010
00100001
00011111
00011110
00011010
00011110
00101010
00100010
00101000
00101100
00101111
00110000
00110100
01101101
10010100
01010010
01001110
01001011
00100111
00100011
00110100
00101010
00100110
00101001
00101001
00101001
00101000
00101001
00101011
00101001
00100110
00100100
00100001
00100000
00011111
00011101
00011010
00011010
00100111
00100110
00101000
00101011
00101101
00101110
00110010
00111111
10010100
01001110
01001110
00110111
00100100
00100101
00101001
00100111
00101010
00101010
00101000
00101000
00101000
00101000
00100110
00100101
00100100
00100010
00100000
00100001
00100000
00011101
00011011
00011001
00100000
00101010
00101000
00101001
00101100
00101011
00110000
00110000
01100110
01001011
01000111
00100110
00100101
00101001
00101001
00101001
00101010
00101010
00101000
00100111
00100111
00100111
00100111
00101000
00100101
00100101
00100101
00100010
00011111
00011100
00011011
00011001
00011001
00100100
00101001
00101010
00101011
00101000
00101011
00101111
00110110
01001100
01101000
00110110
00101000
00101010
00101011
00101011
00101001
00101001
00101001
00101000
00100110
00100110
00100110
00100110
00100101
00100100
00100011
00100010
00100001
00011110
00011100
00011001
00011000
00011100
00100000
00101000
00101100
00101010
00101000
00101110
00101110
01100001
10011011
10010111
00110111
00101010
00101010
00100110
00101000
00101001
00101001
00101000
00100110
00100110
00100110
00100101
00100101
00100100
00100100
00100011
00100010
00100000
00011110
00011010
00011000
00011100
00011101
00100000
00101000
00101001
00100110
00101011
00110000
10001101
10011010
10010000
00101110
00100101
00100110
00100111
00100110
00100101
00100111
00100110
00100110
00100100
00100101
00100101
00100101
00100011
00100011
00100011
00100010
00100001
00011111
00011010
00011000
00011100
00011101
00011110
00100011
00100110
00100101
00101100
00110010
