00000000
00000000
00000000
00000000
00000000
00000000
00000000
00000000
00000000
00000000
00000000
00000000
00000000
00000000
00000000
00000000
00000000
00000000
00000000
00000000
00000000
00000000
00000000
00000000
00000000
00000000
00000000
00000000
00000000
00000000
00000000
00000000
00000000
00001000
00000101
00001011
00001010
00000000
00000000
00000000
00000111
00011000
00011001
00111010
01111110
01101001
00001101
00000000
00000000
00000010
00000000
00000000
00000000
00000000
00000000
00000000
00000000
00000000
00000000
00000000
00000000
00000000
00000001
00000000
00000000
00000111
00000011
00000111
00000100
00000000
00000000
00000000
00100000
10000001
11000101
11001101
11011001
10110110
00110100
00000000
00000000
00000000
00000000
00000000
00000000
00000000
00000000
00000000
00000000
00000000
00000000
00000000
00000000
00000000
00000010
00000000
00000000
00000100
00000000
00000011
00000010
00000000
00000000
00000100
01101111
11011011
10001000
00001011
00001101
01000100
00001010
00000000
00000000
00000000
00000000
00000000
00000000
00000000
00000000
00000000
00000000
00000000
00000000
00000000
00000000
00000000
00000100
00000000
00000000
00000101
00000000
00000010
00000100
00000000
00000000
00100011
10110011
01111011
00000000
00000000
00000000
00000000
00000000
00000000
00000000
00000000
00000000
00000000
00000000
00000000
00000000
00000000
00000000
00000000
00000000
00000000
00000001
00000010
00000011
00000000
00000000
00000111
00000010
00000110
00001000
00000000
00000000
01000010
10001001
00000000
00000000
00000000
00000000
00000000
00000000
00000000
00000000
00000000
00000000
00000000
00000000
00000000
00000000
00000000
00000000
00000000
00000000
00000000
00000001
00000010
00000010
00000000
00000000
00000101
00000010
00000111
00001000
00000000
00000011
01000010
00100100
00000000
00000000
00000001
00001000
00000000
00010010
00000000
00000000
00000000
00000000
00000000
00000000
00000000
00000000
00000000
00000000
00000000
00000000
00000000
00000001
00000001
00000010
00000000
00000000
00000101
00000001
00000101
00000110
00000000
00000110
00100110
00000100
00000000
00000000
00000000
00000000
00000000
00000000
00100100
00000000
00000000
00000000
00000000
00000000
00000000
00000000
00000000
00000000
00000000
00000001
00000010
00000011
00000100
00001000
00000000
00000000
00000101
00000010
00000100
00000111
00000000
00000000
00000000
00000000
00000000
00000000
00000000
00000000
00000000
00000000
00111000
00000000
00000000
00000000
00000000
00000000
00000000
00000000
00000000
00000000
00000001
00000010
00000000
00000001
00000110
00001011
00000000
00000000
00000111
00000101
00000101
00001010
00000001
00000000
00000000
00000000
00000000
00001011
00000000
00000000
00000000
00000000
00110101
00000000
00000000
00000000
00000000
00000000
00000000
00000000
00000000
00000000
00000011
00000001
00000000
00000011
00000111
00000111
00000000
00000000
00001001
00000110
00000110
00001100
00000011
00000000
00000000
00000000
00111011
00101111
00000000
00000000
00000000
00001001
00011100
00000000
00000000
00000000
00000010
00000000
00000000
00000000
00000000
00000011
00000101
00000100
00000100
00000110
00000110
00000110
00000000
00000000
00001010
00000110
00000111
00001100
00000100
00000000
00000000
00000000
10011100
10011011
00101000
00000000
00001010
00000101
00000000
00000000
00000000
00000000
00000010
00000001
00000000
00000000
00000000
00000001
00000101
00000101
00000100
00000101
00000101
00001001
00000000
00000000
00001011
00000111
00001001
00001100
00000100
00000000
00000000
00000000
11001100
10101110
00000000
00000000
00000000
00000000
00000000
00000000
00000000
00000000
00000001
00000010
00000001
00000000
00000000
00000001
00000110
00000101
00000011
00000110
00001000
00001100
00000000
00000000
00001100
00000111
00000111
00001000
00000001
00000000
00000000
00000000
10011001
00101010
00000000
00000000
00000000
00000000
00000000
00000000
00000000
00000000
00000000
00000001
00000000
00000000
00000000
00000000
00000100
00000010
00000001
00000101
00000111
00001011
00000000
00000000
00001111
00001000
00000101
00000111
00000001
00000000
00000000
00000000
00111110
00000000
00000000
00000000
00000000
00010000
00000000
00000000
00000000
00101110
01011010
10000101
01111001
00110101
00001010
00001100
00001011
00000010
00000000
00000100
00001000
00001011
00000000
00000000
00001110
00000101
00000010
00000111
00000100
00000000
00000000
00000000
00000000
00000000
00000000
00000000
00010000
00100000
01010011
10000010
10110000
11110000
11111111
11111111
11110010
10011011
01010101
00110000
00011111
00100101
00011001
00001000
00001101
00001101
00000000
00000000
00001011
00000100
00000010
00001010
00001010
00000000
00000000
00000000
00000000
00000000
00001011
00110001
00111101
01111111
11011011
11010100
11000111
11011011
11011000
10110101
10000101
01110000
01100001
00111001
00011001
00101100
00010001
00000000
00010011
00010000
00000000
00000000
00001011
00000111
00000100
00001101
00001011
00000000
00000000
00000101
00000000
00000101
01001010
10000100
10101011
11010001
10100100
01001000
00011110
00011001
00011111
00011110
00010110
00010110
00011110
00000111
00000000
00010110
00000000
00000000
00010100
00011100
00000000
00000000
00001010
00000100
00000010
00001011
00000111
00000000
00011010
01010000
01000101
01001110
10110000
11011111
10110011
01100010
00010110
00000000
00000000
00000011
00001011
00001010
00001110
00010100
00001011
00000000
00000000
00001000
00001010
00000110
00010110
00101111
00000000
00000000
00001000
00000011
00000011
00001100
00011100
01000110
10000100
10101000
01111010
01111101
11000101
10011010
00100011
00000000
00000000
00000000
00000101
00001001
00000111
00000011
00001110
00010101
00001000
00000000
00000000
00000000
00000000
00000000
00000000
00111111
00000000
00000000
00001100
00001010
00001000
00011100
01100000
10011101
10001111
01011011
00011010
00001000
00000110
00000000
00000000
00000000
00000000
00011111
00001011
00000111
00000011
00000011
00001111
00010000
00000011
00000000
00000000
00000000
00000000
00000000
00000000
00010100
00000000
00000000
00010010
00001110
00001011
01000011
10010101
01011111
00000000
00000000
00000000
00000000
00000000
00000000
00000000
00000000
01001101
01000000
00010010
00001110
00001101
00001011
00010001
00001101
00000010
00000000
00000000
00000000
00000000
00000000
00000000
00000000
00000000
00000000
00010011
00001101
00011111
01110100
01101001
00000000
00000000
00000000
00000000
00010011
00100011
00000000
00000000
00100101
10001001
01001000
00010011
00011011
00011110
00011100
00010101
00001101
00001000
00000000
00000000
00000000
00000000
00000000
00000000
00000000
00000000
00000000
00010100
00010101
01001110
01110011
00011000
00000000
00000110
00101010
00101001
01010101
00000000
00000000
00000000
01011101
10000100
00101110
00000111
00001111
00010100
00011001
00000111
00000011
00001010
00000000
00000000
00000000
00000000
00000000
00000000
00000000
00000000
00000000
00010011
00101110
01110100
00111100
00000000
00000000
00100110
00101110
00100011
00101111
00000000
00000000
01001000
10000000
01000101
00000010
00000000
00000011
00000110
00001011
00000000
00000000
00000100
00000000
00000000
00000000
00000000
00000000
00000000
00000000
00000000
00000000
00010100
01001101
01111000
00010001
00000000
00011110
00111110
00101100
00100011
00011100
00000000
00000000
10001010
01110100
00100111
00000000
00000100
00000111
00000111
00001010
00000011
00000000
00000000
00000000
00000000
00000000
00000000
00000000
00000000
00000000
00000000
00000000
00100111
01101100
01100010
00000000
00001011
01001101
00111000
00001101
00000010
00000001
00000001
00111111
01110101
01001011
00011001
00001010
00001000
00000100
00000110
00001010
00000111
00000000
00000000
00000000
00000000
00000000
00000001
00000000
00000000
00000000
00000000
00000000
01001010
01111000
00110110
00000000
00000011
00001010
00000000
00000000
00000101
00000100
00000011
00000101
00001000
00001001
00001000
00000100
00000000
00000000
00001000
00001010
00000111
00000000
00000000
00000000
00000000
00000000
00000011
00000100
00000001
00000000
00000000
00000000
00100011
01001001
00000110
00000000
00000000
00000000
00000000
00000100
00000100
00000011
00000100
00000100
00000001
00000010
00000011
00000000
00000000
00000100
00001000
00000111
00000110
00000101
00000000
00000000
00000100
00000000
00000001
00000101
00000000
00000000
00000000
00000000
00000000
00000000
00000000
00000000
00000001
00000110
00000100
00000010
00000010
00000100
00000100
00000010
00000011
00000110
00000110
00000100
00000101
00000100
00000011
00000010
00000100
00000110
00000000
00000000
00000100
00000000
00000010
00001000
00000000
00000000
00000000
00000000
00000000
01000100
01111000
00010100
00001100
00001011
00000110
00000101
00000110
00001000
00000110
00000011
00000011
00000011
00000100
00000100
00000010
00000010
00000011
00000011
00000111
00001001
00000000
00000000
00000000
00000000
00000010
00001101
00000000
00000000
00000000
00000000
00000000
00000000
00000000
00000000
00000000
00000000
00000000
00000000
00000000
00000000
00000000
00000000
00000000
00000000
00000000
00000000
00000000
00000000
00000000
00000000
00000000
00000000
00000000
00000000
00000000
00000000
00000000
00000000
00000000
00000000
00000000
